Pizza: 630746 569888 516818 490490 495115 548450 247671 590115
Cheese: 215435 323420 116679 332296 414947 421887 449798 475345
Cafes: 489116 145817 599635 369501 492181 600164 92716 881957
Ethiopian: 506838 695267 93542 112856 31708 642468 158844 552200
Vietnamese: 577803 759328 511604 577598 577574 536691 604706 758919
Cuban: 758629 564125 474002 509700 474651 247849 109986 760538
Bars: 483531 487553 722403 520221 757947 226611 580163 695163
Asian Fusion: 427452
Seafood: 226460 185450 294098 499192 524 599 631 695
American: 482574 728903 593906 578582 535914 718787 495417 223637
Barbeque: 520221 462070 570533 81765 87486 679059 300836 471418
Brazilian: 552051 761993 245441 703116 616348 795133 697562 245812
European: 609091 504282 942702 695539 606856 595200 695432 539721
Caribbean: 725092 482599 549979 575574 510495 560552 601378 287133
Ramen: 519307 603214 593833 715289 590798 618532 822463 737574
Spanish: 758240 867476 521332 692673 604109 862331 208559 552758
Bagels: 507761 714344 966875 88374 98198 98695 180332 207907
Diners: 759794 226546 119251 250734 839757 698957 386186 504274
Mexican: 667917 811779 630607 560702 621207 589928 668334 222482
Coffee & Tea: 610745 516394 622742 833959 625782 385975
Tex-Mex: 721554 247679 678351 247844 248557 248035
Desserts: 716541 521574 675360 547228 831990 672622 855837 722412
Chicken Wings: 483535 248296 494045 480978 595498 615659 558825 617982
Lounges: 601552 364073
Delis: 515632 205931 496434 198755 495290 515108 238176 584084
Cajun: 243851 549848 217103 505000 215217 559253 514357 
Wine Bars: 115883 604333 113031 157051 206812 571398 584355
Burgers: 690978 720070 574946 613430 496246 473511 728903 553901
Thai: 588272 529578 697465 838587 588618 983561 573604 763921
Latin American: 496898 537111 214971 577514 814845 609132 485543 551722
Donuts: 797495 775815 558165 610546 508160 558034 590295 575839
Vegan: 723984 667917 759070 547998 719172 728903 504218 698704
Southern: 836781 504218 758268 479243 512848 516120 606685 697020
Middle Eastern: 749594 758034 560638 696877 605578 526949 615768 584549
Sandwiches: 765700 536064 608861 515949 937890 615149 586581 548554
Italian: 613283 668377 584303 733202 494968 504282 942702 573620
Food Trucks: 244995 549577 574489 205997 485231 205812 60982 400670
Poke: 552262 764852 474356 774523 723404 556580 610883 774198
Sushi: 556660 582938 864150 50802 474356 248251
Cocktail Bars: 205255 225707 751369 129450 587121 170793 197829 202226
Chinese: 573147 757217 474222 613045 507985 548803 213994 837848
Indian: 812124 486675 758613 760182 608281 33407 840267 115489
Beer Bar: 600617 696120 20865 83036 99630 483804 82993 147091
Bakeries: 519794 502307 779209 597243 228170 539911 201592 714092
Greek: 765310 793707 583255 759689 915365 609091 552647 120491
French: 742249 518117 90041 509779 262204 495171 850290 200814
Hot Dogs: 714230 575736 536200 535914 245293 476177 668128 594432
Breakfast & Brunch: 482617 740848 581095 537208 763369 690780 523317 592537
Pubs: 187531 577521 138368 595381 359208 435207 96463 627206
Mediterranean: 609091 504282 942702 695539 606856 90041 211115 595200
Dim Sum: 982322 987364 626832 119472 118978 98574 99320 122382
Gluten-Free: 492882 593829 617586 506248 602874 593153 493129 610453
Vegetarian: 723984 667917 584549 482574 537208 504218 222878 609091
Japanese: 667163 969185 584084 36945 906763 793084 759510 213069
Food Stands: 759131 603663 538800 566272 170887 587677 827047 458704
Korean: 248994 248586 755321 474013 711188 610628 202359 567538
German: 551477 592469 480760 449183 246120 497179 433901 203301
Juice Bars & Smoothies: 176248 125341
Steakhouses: 506892 615852 776784 547451 796456 772225 610294 600703
